585487756071879952
4723573026086461452
9881147225277729088
365124968811008
1878071998012995587
104768067296299274
11858008644014621704
72212110075082969
4636597813500217635
2323857695821664292
162290196098900784
5279832848588112216
1461700791546937408
27037025555490373
10973508959809511424
144152340370572288
8074963754753937858
357672514426552842
5203368437624342530
13916141604966502540
11950902120708022435
1447170883178365732
510120654257816068
2032045928389551168
3459067983610348324
581072194281936896
3530874945973685440
280357876959027264
9227032311601577988
9227876737942358026
2307534395927446528
9331462864082375854
6342346101795328768
2307396000737323105
2596958572755828928
37658275432890496
81358380079382561
220825917101441536
81655660735648768
9295620538196234360
3469341923068610689
1037152757441237510
45179003656487014
4055709172197245442
9224225464506155712
4679262015972617284
3784227278045694992
10461863055373058370
739035140743644256
1585449602600273000
665417110427617796
4828988068113547296
9259553150955166722
16145692744913273856
61038740825684002
114844024350777384
11062073265284820130
211997285247885330
11530925130403383361
11608874702316398866
3469041744573120561
7017734124752652380
4631954009104130277
2308380755736142016
