36029971696716832
4098281725449273360
1805943743708203008
4053244063754389504
2332880154764839948
6196959693760364675
580982021426842305
13979173810406992130
6017671129753207137
108860447578917928
9227919621529536896
3259009642348453898
4614135731416295846
13871649874744477698
4686030605308725825
6162085408906912838
2308693218251772170
40130937471787016
363388773371240456
12646406889849749506
630647470637240366
5118371764015006480
5283571796312851522
585624633626460676
3477342276815055104
5841195964509455120
14426155807057907728
4612268761335005288
10952824685058204672
9223539369590391217
167759511590048512
432627083228250150
13532138431316288
10520725664108380200
1188955568734251010
5262456203279106050
11547231679070863392
2305915914675126500
9295431491285091346
9260177691485667697
10801340557174530051
213580604645376
36884424178835464
433471670427584772
9246156666731233793
1154650487715430656
10548843272894549288
9277987257166386180
787009021897933833
11119537249789280320
1207284056824680528
576539952383330816
4612891154307481856
9269289996636979328
1469334604758417424
1245607037501802144
9239702121341796738
5117281184904806662
5838433827555409986
586092542892716549
7429408661180486
1691912473936898
7054419396219568897
4900128054900188162
